P2
720 486
255
 60  60  60  60  60  60  60  60  60  60  60  60  60  60  60  60  60 
 60  60  60  60  60  60  60  60  60  60  60  60  60  60  60  60  60 
 60  60  60  60  60  60  60  60  60  60  60  60  60  60  60  60  60 
 60  60  60  60  60  60  60  60  60  60  60  60  60  60  60  60  60 
 60  60  60  60  60  60  60  60  60  60  60  60  60  60  60  60  60 
 60  60  60  60  60  60  60  60  60  60  60  60  69 112 106 157 157 
223 223 223 210 223 203 157 157 157 157 127 105  69  60  60  60  60 
 60  60  60  60  60  60  60  60  60  60  60  87 105  94 116 147 147 
157 203 202 194 194 194 194 185 194 185 185 185 185 194 194 194 194 
194 194 185 194 194 185 194 194 194 194 185 194 194 194 157 139 145 
139 145 139 157 157 116 113 194 185 194 185 185 185 185 185 180 180 
167 157 157 180 167 157 157 147 147 137 127 123 116 106 105  90  87 
 87  78  84  78  87  78  78  94 106  84  90 113 127 137 137 137 157 
157 203 206 211 157  93  60  60  60  60  60  60  60  60  60  60  60 
 60  60  60  60  60  60  60  60  60  60  60  60  60  60  60  60  60 
 60  60  60  60  60  60  60  60  60  60  60  60  60  60  60  60  60 
 60  60  60  60  60  60  60  60  60  60  60  60  60  60  60  60  60 
 60  60  60 103 255 255 255 249 204 173 138 118  90  83  96 126 165 
196 235 235 251 255 249 159  60  60  60  60  60  60  60  60  60  60 
 60  60  60  60  60  60  60  60  60  60  60  60  60  60  60  60  60 
 60  60  60  60  60  60  60  60  60  60  60  60  60  60  60  60  60 
 60  60  60  60  60  60  60  60  60  60  60  60  60  60  60  60  60 
 60  60  60  60  60  60  60  60  60  60  60  60  60  60  60  60  60 
 60  60  60  60  60  60  60  60  60  60  60  60  60  60  60  60  60 
 60  60  60  60  60  60  60  60  60  60  60  60  60  60  60  60  60 
 60  60  60  60  60  60  60  60  60  60  60  60  60  60  60  60  60 
 60  60  60  60  60  60  60  60  60  60  60  60  60  60  60  60  60 
 60  60  60  60  60  60  60  60  60  60  60  60  60  60  60  60  60 
 60  60  60  60  60  60  60  60  60  60  60  60  60  60  60  60  60 
 60  60  60  60  60  60  60  60  60  60  60  60  60  60  60  60  60 
 60  60  60  60  60  60  60  60  60  60  60  60  60  60  60  60  60 
 60  60  60  60  60  60  60  60  60  60  60  60  60  60  60  60  60 
 60  60  83  92  88  88  92 107 123 146 158 163 171 150  87  60  60 
 60  60  60  60  60  60  60  60  60  60  60  60  60  60  60  60  60 
 60  60  60  60  60  60  60  60  60  60  60  60  60  60  60  60  60 
 60  60  60  60  60  60  60  60  60  60  60  60  60  60  60  60  60 
 60  60  60  60  60  60  60  60  60  60  60  60  60  60  60  60  60 
 60  60  60  60  60  60  60  60  60  60  60  60  60  60  60  60  60 
 60  60  60  60  60  60  60  60  60  60  60  60  60  60  60  60  60 
 60  60  60  60  60  60  60  60  60  60  60  60  60  60  60  60  60 
 60  60  60  60  60  60  60  60  60  60  60  60  60  60  60  60  60 
 60  60  60  60  60  60  60  60  60  60  60  60  83 107 123 210 255 
239 239 255 255 255 255  79  60  60  60  60  60  60  60  60  60  60 
 60  60  60  60  60  60  60  60  60  60  60  60  60  60  60  60  60 
 60  60  60  60  60  60  60  60  60  60  60  60  60  60  60  60  60 
 60  60  60  60  60  60  60  60  60  60  60  60  60  60  60  60  60 
 60  60  60  60  60  60  60  60  60  60  60  60  60  60  60  60  60 
 60  60  60  60  60  60  60  60  60  60  60  60  60  60  60  60  60 
 60  60  60  64  64  64  64  64  60  64  60  60  64  64  64  60  60 
 60  60  60  60  60  60  60  60  60  60  60  60  60  60  60  60  60 
 60  60  60  64  60  60  60  60  60  60  60  60  60  60  94 106  94 
106 106  94  94 103 137  94 105 106  94  75  60  60  60  60  60  60 
 60  60  60  60  60  60  60  60  64 116 106  87 105 157 127  60 106 
106 106 116 145 145 145 147 203 203 194 202 185 185 185 180 167 157 
157 157 157 147 139 137 127 123 116 116 113 110 122 139 123 106 113 
137 157 157 194 203 223 211 147  94  64  60  60  60  60  60  60  60 
 60  60  60  60  60  60  60  60  60  60  60  60  60  60  60  60  60 
 60  60  60  60  60  60  60  60  60  60  60  60  60  60  60  60  60 
 60  60  60  60  60  60  60  60  60  60  60  60  60  60  60  60  60 
 60  60  60  60  60  60  60  60 159 255 255 255 235 190 163 131  96 
 83 103 131 163 196 217 235 251 255 255 194  80  60  60  60  60  60 
 60  60  60  60  60  60  60  60  60  60  60  60  60  60  60  60  60 
 60  60  60  60  60  60  60  60  60  60  60  60  60  60  60  60  60 
 60  60  60  60  60  60  60  60  60  60  60  60  60  60  60  60  60 
 60  60  60  60  60  60  60  60  60  60  60  60  60  60  60  60  60 
 60  60  60  60  60  60  60  60  60  60  60  60  60  60  60  60  60 
 60  60  60  60  60  60  60  60  60  60  60  60  60  60  60  60  60 
 60  60  60  60  60  60  60  60  60  60  60  60  60  60  60  60  60 
 60  60  60  60  60  60  60  60  60  60  60  60  60  60  60  60  60 
 60  60  60  60  60  60  60  60  60  60  60  60  60  60  60  60  60 
 60  60  60  60  60  60  60  60  60  60  60  60  60  60  60  60  60 
 60  60  60  60  60  60  60  60  60  60  60  60  60  60  60  60  60 
 60  60  60  60  60  60  60  60  60  60  60  60  60  60  60  60  60 
 60  60  60  60  60  60  60  60  60  60  60  60  60  60  60  60  60 
 60  60  60  60  60  60  60  60  60  68  92  92  88  88 102 115 137 
158 163 171 169 153  80  60  60  60  60  60  60  60  60  60  60  60 
 60  60  60  60  60  60  60  60  60  60  60  60  60  60  60  60  60 
 60  60  60  60  60  60  60  60  60  60  60  60  60  60  60  60  60 
 60  60  60  60  60  60  60  60  60  60  60  60  60  60  60  60  60 
 60  60  60  60  60  60  60  60  60  60  60  60  60  60  60  60  60 
 60  60  60  60  60  60  60  60  60  60  60  60  60  60  60  60  60 
 60  60  60  60  60  60  60  60  60  60  60  60  60  60  60  60  60 
 60  60  60  60  60  60  60  60  60  60  60  60  60  60  60  60  60 
 60  60  60  60  60  60  60  60  60  60  60  60  60  60  60  60  60 
 60  60  88 153 255 231 212 252 255 255 252 255 151  66  60  60  60 
 60  60  60  60  60  60  60  60  60  60  60  60  60  60  60  60  60 
 60  60  60  60  60  60  60  60  60  60  60  60  60  60  60  60  60 
 60  60  60  60  60  60  60  60  60  60  60  60  60  60  60  60  60 
 60  60  60  60  60  60  60  60  60  60  60  60  60  60  60  60  60 
 60  60  60  60  60  60  60  60  60  60  60  60  60  60  60  60  60 
 60  60  60  60  60  60  60  60  60  60  60  60  60  60  60  60  60 
 60  60  60  60  60  60  60  60  60  60  60  60  60  60  60  60  60 
 60  60  60  60  60  60  60  60  60  60  60  60  60  60  60  60  60 
 60  60  60  60  60  60  60  60  60  64  60  60  60  60  60  60  60 
 60  60  60  60  60  60  60  60  60  60  60  60  60  60  60  60  68 
127 194 202  60  60  60  60  60  60  60  64  60  60  60  60  60  60 
 60  64  60  78  94 103  94 106 127 185 180 157 167 165 157 157 157 
147 157 194 203 137 157 194 203 223 194 145 139  75  60  60  60  60 
 60  60  60  60  60  60  60  60  60  60  60  60  60  60  60  60  60 
 60  60  60  60  60  60  60  60  60  60  60  60  60  60  60  60  60 
 60  60  60  60  60  60  60  60  60  60  60  60  60  60  60  60  60 
 60  60  60  60  60  60  60  60  60  60  60  60  79 217 255 255 254 
219 180 151 110  83  96 138 180 204 235 235 251 255 249 163  87  60 
 60  60  60  60  60  60  60  60  60  60  60  60  60  60  60  60  60 
 60  60  60  60  60  60  60  60  60  60  60  60  60  60  60  60  60 
 60  60  60  60  60  60  60  60  60  60  60  60  60  60  60  60  60 
 60  60  60  60  60  60  60  60  60  60  60  60  60  60  60  60  60 
 60  60  60  60  60  60  60  60  60  60  60  60  60  60  60  60  60 
 60  60  60  60  60  60  60  60  60  60  60  60  60  60  60  60  60 
 60  60  60  60  60  60  60  60  60  60  60  60  60  60  60  60  60 
 60  60  60  60  60  60  60  60  60  60  60  60  60  60  60  60  60 
 60  60  60  60  60  60  60  60  60  60  60  60  60  60  60  60  60 
 60  60  60  60  60  60  60  60  60  60  60  60  60  60  60  60  60 
 60  60  60  60  60  60  60  60  60  60  60  60  60  60  60  60  60 
 60  60  60  60  60  60  60  60  60  60  60  60  60  60  60  60  60 
 60  60  60  60  60  60  60  60  60  60  60  60  60  60  60  60  60 
 60  60  60  60  60  60  60  60  60  60  60  60  60  6